polygon=[[0;0],[0.333333;1],[0.666667;1.1],[1;0.15]];
curve=[[0;0],[0.111111;0.299794],[0.222222;0.531687],[0.333333;0.694444],[0.444444;0.786831],[0.555556;0.807613],[0.666667;0.755556],[0.777778;0.629424],[0.888889;0.427984],[1;0.15]];